10010110  
10110010  
10001110  
10010110  
10101111  
10101010  
10010000  
10000010  
10001110  
10000010  
10000010  
10100000  
10001011  
10011001  
10011001  
10010101  
10011100  
10001000  
10010101  
10000100  
10001000  
10000010  
10010000  
10010000  
10000010  
10001000  
10001110  
10001000  
10001110  
10000010  
10000010  
10000111  
10001000  
10010000  
10001100  
10000010  
10000010  
10001000  
10001000  
10000010  
10000010  
10000010  
10000010  
10001110  
10000010  
10000010  
10000010  
10000010  
10000010  
10001000  
10001110  
10000010