11011011
11011011
11000011
10010110
10110010
10101001
11010111
11000101
10000111
11110000
10101111
11100001
10001110
11101110
10010110
10101111
11000011
11100010
11010100
11110011
11100001
11000110
10000111
11011000
11100001
11000110
10110010
10101001
10101111
10101010
11110000
10010000
10000010
11011011
11110000
11100010
11011101
10010000
11000101
10011100
11000011
10101100
11010100
10001000
11110101
11110000
10100110
11011000
11010010
11101110
11001001
11001111
10100110
11010111
11000110
10001110
11100010
10101100
10011010
11001100
10001110
11001001
10000010
10001110
11011011
11100001
11001010
10010000
11000011
11001010
10100000
10001011
11010111
10010011
10011001
10011001
11001001
10010101
11101000
10011111
11011011
10101100
11110101
11010100
11101011
10011100
10001000
11010111
11011011
10101010
11011101
11011000
10000010
11000110
11110000
11110000
11000110
11100100
10001110
11001010
10101111
11001100
10010011
10101001
10010110
11010111
11100001
11010001
11101000
10010101
10101001
10000100
11011110
10001000
11101000
10101010
10100101
10000010
11001010
11100001
11011000
11001010
11101110
10010110
11001111
10100110
11101000
11001001
11010100
11011011
10010101
11001100
11101011
11110101
10010000
11010111
11100111
11101110
11010010
10101111
10010011
10000010
11011101
10000111
11010001
10001101
10100101
10011100
11010010
11100100
11000101
10000100
10010110
11101101
11011110
11110011
11101011
11010100
10001101
11011011
11110011
10010101
10110100
10010011
10101010
11100010
11100010
10010110
10101010
10001000
10011010
10000010
11100001
11001010
11010001
10000010
10011100
11110000
11110101
11010001
11000011
10010011
11011101
11110011
11010001
10001011
10001101
10001000
10010110
10101010
11011011
11011101
10011001
11010100
10001011
10101100
10010000
10000010
11001111
10100110
10011111
11010001
10000010
11100010
11000101
10101010
10001011
10000010
11110011
10110100
10011111
11000011
11100100
11010010
11100010
10000100
11001100
11101011
11001100
11001100
11011011
10100011
11000011
10100101
11100010
11101000
10001000
11010001
11101000
10010101
10001101
11110000
11110000
10000010
11010111
10100011
11100100
10101010
10110010
11010001
10101001
11000101
10100110
11000110
11110101
10010101
10110001
10110001
11110101
11001010
10010101
11011110
11110000
10011100
11011101
11011101
10110010
10001110
10100011
11000101
10000010
11011110
11001100
10100101
10010000
11100100
11010111
10100101
11001010
10001000
11011011
10011111
10001110
10101100
11101011
10110001
11100001
10000010
10100011
11011011
10110100
11011101
10100110
10100011
10101100
10100011
11101000
10100011
10101010
10011100
11010010
10110100
11110101
10100000
10010000
11100111
11000011
10001011
11010111
10110001
10001000
11110011
11100010
11000101
10011111
11110101
10110001
11000110
10010110
10100011
10000111
10100000
10110010
10011010
10010011
10001110
11100010
10100101
11011000
11101110
11000110
11010100
10011001
10101111
11101101
11110101
10110100
11001010
11001100
10000111
11001010
11100010
10000010
10011001
10011010
10001110
11010001
11011110
11100010
11001010
11101101
11101000
10101111
10010000
11101101
10101001
10010000
10010011
10100110
11011110
11001001
10010011
10100000
11010010
11101110
11010111
10101001
11010001
11001111
10100110
11101101
11011011
11001100
10011001
10010000
11001001
10011001
11110000
11000110
10110001
11100100
11100001
10110001
11110101
11110011
10010101
11011000
11000110
11010001
11000101
10010101
11001100
10001000
10011100
10010101
11101011
10110010
10011100
11001010
11010001
10011100
11101101
10100011
11000101
11011110
10011010
11011110
10101001
11011101
10011111
11011011
10101100
10100000
10011100
10011111
11011101
11001111
10101100
10010000
11100100
10011100
11101110
10011100
11011011
11001111
11010010
11110101
10011100
10100101
10010011
11010100
10101010
11011110
10110001
11011000
10000100
11001001
11100001
11011110
10001110
10000100
10100101
11010100
11100010
10010101
10101010
10101111
10110100
11011101
11001111
11010111
10001011
11011110
10011100
10101100
10101010
11110000
11001111
10010000
11110011
10001110
10010110
10110001
11100010
10101010
10100000
11110000
10010000
11011101
11110000
11010111
10000111
10010110
10001110
11101101
11011000
10010000
11100111
10001101
10110001
10110010
10010110
10001000
10010000
10001000
10101111
11000110
10000100
11100100
10001110
10011001
11011110
10011001
11101011
10001011
10011010
10101111
11110000
11100111
10110100
11010001
11100111
10011111
11110101
10011010
10110001
11011011
10110100
10011100
11001100
11011101
11011110
10000010
10011111
10101001
10100101
10101100
11010001
10100101
10010101
10011111
10001000
11100111
11001100
11001010
11010100
10100011
10101111
10001000
10011010
11011101
10000010
10101111
10000111
10000010
11001111
10011001
10010000
10100011
11000101
11101101
10010011
10011111
11011110
11001111
10000010
11011101
10010011
10001011
11010010
11101000
11110011
11011011
11010010
11010100
10100101
11100111
10100110
11100010
10000111
10001011
11100010
10000100
11100100
11100111
11101110
10010000
11011110
11010010
11010100
11011011
10010110
10001000
10011010
11000011
10011100
10110010
10011100
10001011
10101010
10000111
10110100
11100010
10101001
11011011
10001101
11100111
11011110
11011000
11011011
11100001
10001011
10001000
11101101
10001000
10101010
10010000
11001001
11100010
10001101
10011010
11110011
10110100
11101101
11011101
11000110
11110000
10101100
11101110
10100110
10000111
10011010
10000111
10011001
11010100
10011001
11010001
10110100
10110001
10010000
10110010
11010111
11011110
11100010
11100010
10100011
10100101
11100001
10001101
11010010
11000011
10001000
11100010
10100110
10011010
11011011
11011101
11100111
11011101
11001100
10001011
10100011
10011100
11100100
11101000
10011100
10100011
10001000
11011101
11110011
10101010
10110010
11100111
10011100
11101000
11100001
11101011
11000110
11100100
10101111
11010001
11100100
11010010
11101110
11000011
11101101
11011000
11101011
11001010
10100101
11110101
11010111
10101111
10001101
11110101
10001000
11101011
11000110
11011101
11000110
11010001
10010110
11000101
10101100
10010110
10001011
11110011
10100000
10110100
10101111
11011000
11100111
10100011
10001101
11010111
10011111
10010000
11110101
11101110
11100001
11011000
10001011
10001011
10110001
11110000
10011100
11011101
10101111
11100100
10101010
10100000
11100111
11010001
11110000
11101110
10110001
11011101
10011001
10110001
11100001
11010100
11010100
10010101
11101101
10011010
11010100
10001000
11010001
10001000
10000100
11010010
10011010
10000111
10000111
11001010
10100011
10100101
11011101
10110010
10110001
11100001
10010011
11011000
11001001
11011000
10001000
10110010
10000100
10011100
11110000
10000100
11101000
11001111
10001000
11001010
10001000
10101001
11110011
11100001
10101001
11101011
11001010
10001011
11011000
11001111
11101110
10010000
10011111
10110001
10001101
11000110
11110011
11001100
11001010
11101101
11001111
11000110
11001100
11010010
10010011
11011110
10001000
11100111
10011111
10101001
10110001
11101011
10001000
11011011
11000111
11100110
11100110
11000010
11000111
11101001
11001101
11110111
10000101
11010011
11101001
10111111
10000101
11110010
10111111
10000101
11010011
11101001
10111111
10010010
10111111
10101110
11001011
11001011
11100000
11111011
11100001
10001000
11100100
11100111
11001001
11100100
10011111
11001001
11010010
11011000
10010101
10010000
11010111
11010001
10001011
10011010
11110101
11001100
11001010
11011011
10011100
11011101
10100011
11100111
10011100
11100111
10100000
11000110
10101001
10011111
11100010
10011001
11110000
10010011
11010111
10010011
11101011
10001110
10011111
10101010
11110000
10001110
10001101
10010101
10101111
10010101
10000010
11010111
10001000
10101111
10011010
11000011
10001000
10001000
10101001
11011110
11101000
10101001
10011100
11010001
11100001
11110101
10101010
10110001
11110000
11010111
11011101
11011000
10010000
10010110
11010111
10101001
11110101
11011000
10010000
11001100
11000101
11000110
10100110
11110101
11010001
10100000
10100011
10101111
10011010
10110100
11110011
10011100
11100010
10000010
10110100
10100011
11110101
11001100
11001010
11101101
10000010
11110000
11010111
10000100
11010111
10001110
10110010
10100011
11010010
10101010
10100101
10001011
11010010
10011111
11010001
10101111
11101000
11100010
10110100
11000011
10101001
10101100
10000100
10011001
11011101
11100001
10011100
10000010
11101000
10011100
10101001
10101001
10100011
11001010
10100000
10101100
10000100
11001111
10011010
11000101
11100010
11100010
11100111
11100001
10100000
11001010
10001000
10010101
11010001
10010101
11011000
11000011
11101011
11011101
11010001
11101000
11001001
10101100
10100000
11100111
10101001
10101100
11100010
11000110
11001010
11001010
11011110
10110001
10010011
10101010
10011100
10000010
11011110
11101101
11000011
10101001
10100011
10010000
10101010
11110101
10010000
10011001
11011000
10110010
11010010
10100101
10000100
10001110
10000111
11101110
10010101
11100001
10011100
11010111
10011100
10000100
11011000
10101111
11000101
11010100
11000101
10110010
11001001
11110011
10011100
11001111
10101111
10010011
11100100
10001011
10100000
10100000
11100001
11001111
11011101
11001111
11110000
10100110
11101000
10010011
11100100
11010010
10100101
11101110
10000010
